   # capr,e1,e2,e3,e4,e5   CAPR        E1             E2             E3             E4             E5
                     0.0    1.8   -108.3263162   -108.2981159   -108.2630618   -108.1785094   -108.0309663
                     0.0    2.0   -109.9267524   -109.8871621   -109.8560993   -109.8051137   -109.6343281
                     0.0    2.1   -110.3558109   -110.3109857   -110.2845922   -110.2530092   -110.0637470
                     0.0    2.2   -110.6450534   -110.5941665   -110.5857580   -110.5543325   -110.3519637
                     0.0    2.3   -110.8443583   -110.8080419   -110.7818114   -110.7475683   -110.5442935
                     0.0    2.4   -111.0044099   -110.9508974   -110.9039131   -110.8721466   -110.6707424
                     0.0    2.5   -111.1406094   -111.0350333   -110.9809311   -110.9512652   -110.8149370
                     0.0    2.6   -111.2523450   -111.0860680   -111.0248711   -110.9975115   -110.9237279
                     0.0    2.7   -111.3428994   -111.1143249   -111.0496178   -111.0302617   -111.0092305
                     0.0    2.8   -111.4166460   -111.1271920   -111.0892662   -111.0623135   -111.0496496
                     0.0    2.9   -111.4763890   -111.1528219   -111.1294876   -111.1088337   -111.1050266
                     0.0    3.0   -111.5243286   -111.2131425   -111.1685936   -111.1530791   -111.1277412
                     0.0    3.1   -111.5625725   -111.2769348   -111.2150714   -111.1898601   -111.1799781
                     0.0    3.2   -111.5930588   -111.3356933   -111.2478172   -111.2182939   -111.2090795
                     0.0    3.3   -111.6173164   -111.3872626   -111.2723697   -111.2404311   -111.2314765
                     0.0    3.4   -111.6368270   -111.4303216   -111.2915285   -111.2582384   -111.2492537
                     0.0    3.5   -111.6521242   -111.4657071   -111.3065450   -111.2724922   -111.2634639
                     0.0    3.6   -111.6643832   -111.4946568   -111.3181847   -111.2836715   -111.2745716
                     0.0    3.7   -111.6743383   -111.5180710   -111.3273985   -111.2926133   -111.2834560
                     0.0    3.8   -111.6825284   -111.5368078   -111.3348072   -111.2998642   -111.2906860
                     0.0    3.9   -111.6893468   -111.5516580   -111.3408509   -111.3058179   -111.2966607
                     0.0    4.0   -111.6950730   -111.5633309   -111.3458354   -111.3107569   -111.3016568
                     0.0    4.1   -111.6999031   -111.5724465   -111.3499649   -111.3148815   -111.3058626
                     0.0    4.2   -111.7039779   -111.5795328   -111.3533712   -111.3183350   -111.3094085
                     0.0    4.3   -111.7074039   -111.5850269   -111.3561411   -111.3212238   -111.3123899
                     0.0    4.4   -111.7102681   -111.5892820   -111.3583388   -111.3236318   -111.3148827
                     0.0    4.5   -111.7126460   -111.5925780   -111.3600213   -111.3256284   -111.3169519
                     0.0    4.6   -111.7146049   -111.5951328   -111.3612471   -111.3272731   -111.3186556
                     0.0    4.7   -111.7162057   -111.5971148   -111.3620797   -111.3286186   -111.3200464
                     0.0    4.8   -111.7175032   -111.5986532   -111.3625862   -111.3297110   -111.3211719
                     0.0    4.9   -111.7185463   -111.5998470   -111.3628348   -111.3305911   -111.3220746
                     0.0    5.0   -111.7193777   -111.6007723   -111.3628900   -111.3312944   -111.3227922
                     0.0    5.1   -111.7200348   -111.6014877   -111.3628102   -111.3318517   -111.3233572
                     0.0    5.2   -111.7205492   -111.6020388   -111.3626459   -111.3322896   -111.3237976
                     0.0    5.3   -111.7209478   -111.6024609   -111.3624398   -111.3326300   -111.3241369
                     0.0    5.4   -111.7212526   -111.6027813   -111.3622247   -111.3328911   -111.3243943
                     0.0    5.5   -111.7214818   -111.6030216   -111.3620219   -111.3330877   -111.3245857
                     0.0    5.6   -111.7216503   -111.6031988   -111.3618410   -111.3332323   -111.3247243
                     0.0    5.7   -111.7217709   -111.6033266   -111.3616840   -111.3333355   -111.3248213
                     0.0    5.8   -111.7218537   -111.6034159   -111.3615494   -111.3334059   -111.3248857
                     0.0    5.9   -111.7219073   -111.6034752   -111.3614341   -111.3334508   -111.3249248
                     0.0    6.0   -111.7219384   -111.6035116   -111.3613351   -111.3334761   -111.3249448
                     0.0    6.1   -111.7219523   -111.6035304   -111.3612495   -111.3334863   -111.3249502
                     0.0    6.2   -111.7219534   -111.6035360   -111.3611748   -111.3334853   -111.3249448
                     0.0    6.3   -111.7219451   -111.6035316   -111.3611090   -111.3334759   -111.3249317
                     0.0    6.4   -111.7219298   -111.6035200   -111.3610506   -111.3334605   -111.3249129
                     0.0    6.5   -111.7219098   -111.6035032   -111.3609981   -111.3334408   -111.3248904
                     0.0    6.6   -111.7218864   -111.6034826   -111.3609505   -111.3334181   -111.3248654
                     0.0    6.7   -111.7218609   -111.6034597   -111.3609071   -111.3333937   -111.3248388
                     0.0    6.8   -111.7218343   -111.6034352   -111.3608673   -111.3333682   -111.3248116
                     0.0    6.9   -111.7218072   -111.6034099   -111.3608305   -111.3333424   -111.3247843
                     0.0    7.0   -111.7217802   -111.6033845   -111.3607964   -111.3333166   -111.3247574
                     0.0    7.1   -111.7217536   -111.6033593   -111.3607649   -111.3332914   -111.3247311
                     0.0    7.2   -111.7217279   -111.6033347   -111.3607356   -111.3332669   -111.3247058
                     0.0    7.3   -111.7217032   -111.6033110   -111.3607085   -111.3332434   -111.3246816
                     0.0    7.4   -111.7216797   -111.6032883   -111.3606833   -111.3332210   -111.3246586
                     0.0    7.5   -111.7216574   -111.6032668   -111.3606600   -111.3331999   -111.3246370
                     0.0    7.6   -111.7216364   -111.6032465   -111.3606384   -111.3331799   -111.3246167
                     0.0    7.7   -111.7216168   -111.6032274   -111.3606185   -111.3331612   -111.3245977
                     0.0    7.8   -111.7215985   -111.6032096   -111.3606001   -111.3331438   -111.3245800
                     0.0    7.9   -111.7215814   -111.6031929   -111.3605830   -111.3331275   -111.3245636
                     0.0    8.0   -111.7215655   -111.6031775   -111.3605673   -111.3331123   -111.3245483
                     0.0    8.2   -111.7215370   -111.6031497   -111.3605393   -111.3330852   -111.3245210
                     0.0    8.4   -111.7215124   -111.6031257   -111.3605153   -111.3330616   -111.3244975
                     0.0    8.6   -111.7214910   -111.6031049   -111.3604945   -111.3330412   -111.3244771
                     0.0    8.8   -111.7214723   -111.6030866   -111.3604764   -111.3330233   -111.3244593
                     0.0    9.0   -111.7214559   -111.6030704   -111.3604605   -111.3330075   -111.3244436
                     0.0    9.2   -111.7214414   -111.6030560   -111.3604463   -111.3329935   -111.3244298
                     0.0    9.4   -111.7214285   -111.6030433   -111.3604338   -111.3329811   -111.3244175
                     0.0    9.6   -111.7214170   -111.6030319   -111.3604227   -111.3329701   -111.3244065
                     0.0    9.8   -111.7214068   -111.6030217   -111.3604128   -111.3329602   -111.3243968
                     0.0   10.0   -111.7213977   -111.6030127   -111.3604040   -111.3329515   -111.3243882
                     0.0   10.2   -111.7213897   -111.6030048   -111.3603962   -111.3329438   -111.3243806
                     0.0   10.4   -111.7213826   -111.6029977   -111.3603892   -111.3329369   -111.3243738
                     0.0   10.6   -111.7213763   -111.6029914   -111.3603831   -111.3329308   -111.3243678
                     0.0   10.8   -111.7213707   -111.6029859   -111.3603776   -111.3329254   -111.3243625
                     0.0   11.0   -111.7213656   -111.6029809   -111.3603727   -111.3329205   -111.3243577
                     0.0   11.2   -111.7213611   -111.6029764   -111.3603682   -111.3329162   -111.3243534
                     0.0   11.4   -111.7213570   -111.6029724   -111.3603642   -111.3329122   -111.3243496
                     0.0   11.6   -111.7213533   -111.6029688   -111.3603606   -111.3329087   -111.3243461
                     0.0   11.8   -111.7213500   -111.6029655   -111.3603574   -111.3329054   -111.3243429
                     0.0   12.0   -111.7213469   -111.6029625   -111.3603544   -111.3329025   -111.3243401
                     0.0   17.0   -111.7213161   -111.6029318   -111.3603239   -111.3328726   -111.3243110
                     0.0   22.0   -111.7213103   -111.6029260   -111.3603182   -111.3328669   -111.3243057
                     0.0   27.0   -111.7213086   -111.6029242   -111.3603164   -111.3328653   -111.3243041
                     0.0   32.0   -111.7213080   -111.6029236   -111.3603158   -111.3328646   -111.3243035

                                                  
