   # gamma  CAPR        E1             E2             E3             E4             E5
                    15.0   1.8   -109.4173636   -109.1418786   -109.1031039   -109.0911159   -109.0704287
                    15.0   2.0   -110.5296831   -110.2501511   -110.2327223   -110.2082291   -110.1876816
                    15.0   2.1   -110.8407285   -110.5593893   -110.5489982   -110.5218479   -110.4987026
                    15.0   2.2   -111.0531938   -110.7702515   -110.7642861   -110.7379392   -110.7108239
                    15.0   2.3   -111.1974265   -110.9130787   -110.9091491   -110.8918246   -110.8633755
                    15.0   2.4   -111.2943326   -111.0356110   -111.0086730   -111.0033937   -110.9770992
                    15.0   2.5   -111.3612951   -111.1477949   -111.0751274   -111.0638358   -111.0492407
                    15.0   2.6   -111.4103196   -111.2352045   -111.1245168   -111.1068860   -111.0887282
                    15.0   2.7   -111.4506580   -111.2967647   -111.1680634   -111.1567738   -111.1087033
                    15.0   2.8   -111.4893203   -111.3358202   -111.2151448   -111.2060350   -111.1338164
                    15.0   2.9   -111.5304307   -111.3607120   -111.2708276   -111.2571079   -111.1765432
                    15.0   3.0   -111.5640887   -111.3733740   -111.3222220   -111.3024007   -111.2124007
                    15.0   3.1   -111.5929943   -111.3867999   -111.3694851   -111.3425661   -111.2434359
                    15.0   3.2   -111.6169194   -111.4211866   -111.4040474   -111.3652384   -111.2684453
                    15.0   3.3   -111.6363880   -111.4607522   -111.4379925   -111.3732790   -111.2884758
                    15.0   3.4   -111.6521688   -111.4959463   -111.4695108   -111.3779094   -111.3044172
                    15.0   3.5   -111.6649713   -111.5263132   -111.4967595   -111.3815357   -111.3171361
                    15.0   3.6   -111.6754220   -111.5521320   -111.5196068   -111.3845315   -111.3273454
                    15.0   3.7   -111.6840453   -111.5738632   -111.5383831   -111.3869800   -111.3356215
                    15.0   3.8   -111.6913802   -111.5917607   -111.5535216   -111.3891113   -111.3427752
                    15.0   3.9   -111.6973953   -111.6068411   -111.5656815   -111.3906004   -111.3483936
                    15.0   4.0   -111.7024817   -111.6193046   -111.5752974   -111.3917383   -111.3530548
                    15.0   4.1   -111.7067893   -111.6295649   -111.5828458   -111.3925939   -111.3569129
                    15.0   4.2   -111.7104288   -111.6379821   -111.5887409   -111.3932278   -111.3600710
                    15.0   4.3   -111.7134882   -111.6448653   -111.5933305   -111.3936901   -111.3626040
                    15.0   4.4   -111.7160422   -111.6504769   -111.5968981   -111.3940202   -111.3645761
                    15.0   4.5   -111.7181577   -111.6550381   -111.5996697   -111.3942487   -111.3660518
                    15.0   4.6   -111.7198954   -111.6587345   -111.6018228   -111.3943986   -111.3671003
                    15.0   4.7   -111.7213104   -111.6617208   -111.6034951   -111.3944876   -111.3677959
                    15.0   4.8   -111.7224525   -111.6641259   -111.6047931   -111.3945295   -111.3682132
                    15.0   4.9   -111.7233660   -111.6660564   -111.6057988   -111.3945349   -111.3684232
                    15.0   5.0   -111.7240895   -111.6676004   -111.6065758   -111.3945124   -111.3684881
                    15.0   5.1   -111.7246566   -111.6688306   -111.6071733   -111.3944689   -111.3684591
                    15.0   5.2   -111.7250959   -111.6698066   -111.6076299   -111.3944100   -111.3683750
                    15.0   5.3   -111.7254316   -111.6705774   -111.6079756   -111.3943401   -111.3682632
                    15.0   5.4   -111.7256839   -111.6711829   -111.6082343   -111.3942630   -111.3681417
                    15.0   5.5   -111.7258697   -111.6716557   -111.6084246   -111.3941817   -111.3680212
                    15.0   5.6   -111.7260028   -111.6720224   -111.6085615   -111.3940984   -111.3679072
                    15.0   5.7   -111.7260944   -111.6723044   -111.6086568   -111.3940150   -111.3678024
                    15.0   5.8   -111.7261539   -111.6725191   -111.6087198   -111.3939328   -111.3677073
                    15.0   5.9   -111.7261884   -111.6726807   -111.6087579   -111.3938529   -111.3676214
                    15.0   6.0   -111.7262041   -111.6728003   -111.6087772   -111.3937761   -111.3675439
                    15.0   6.1   -111.7262056   -111.6728871   -111.6087823   -111.3937028   -111.3674738
                    15.0   6.2   -111.7261968   -111.6729483   -111.6087769   -111.3936334   -111.3674102
                    15.0   6.3   -111.7261804   -111.6729896   -111.6087638   -111.3935679   -111.3673522
                    15.0   6.4   -111.7261587   -111.6730157   -111.6087452   -111.3935065   -111.3672991
                    15.0   6.5   -111.7261336   -111.6730301   -111.6087230   -111.3934491   -111.3672503
                    15.0   6.6   -111.7261063   -111.6730355   -111.6086982   -111.3933955   -111.3672052
                    15.0   6.7   -111.7260778   -111.6730343   -111.6086721   -111.3933455   -111.3671634
                    15.0   6.8   -111.7260489   -111.6730282   -111.6086452   -111.3932991   -111.3671247
                    15.0   6.9   -111.7260201   -111.6730185   -111.6086183   -111.3932560   -111.3670888
                    15.0   7.0   -111.7259919   -111.6730063   -111.6085917   -111.3932160   -111.3670553
                    15.0   7.1   -111.7259646   -111.6729925   -111.6085658   -111.3931790   -111.3670242
                    15.0   7.2   -111.7259384   -111.6729778   -111.6085408   -111.3931448   -111.3669953
                    15.0   7.3   -111.7259134   -111.6729626   -111.6085169   -111.3931132   -111.3669685
                    15.0   7.4   -111.7258898   -111.6729473   -111.6084942   -111.3930840   -111.3669437
                    15.0   7.5   -111.7258675   -111.6729322   -111.6084728   -111.3930571   -111.3669207
                    15.0   7.6   -111.7258467   -111.6729176   -111.6084527   -111.3930323   -111.3668994
                    15.0   7.7   -111.7258272   -111.6729036   -111.6084338   -111.3930095   -111.3668797
                    15.0   7.8   -111.7258091   -111.6728903   -111.6084163   -111.3929885   -111.3668615
                    15.0   7.9   -111.7257922   -111.6728777   -111.6083999   -111.3929692   -111.3668447
                    15.0   8.0   -111.7257765   -111.6728658   -111.6083848   -111.3929513   -111.3668292
                    15.0   8.2   -111.7257485   -111.6728443   -111.6083576   -111.3929197   -111.3668016
                    15.0   8.4   -111.7257243   -111.6728254   -111.6083342   -111.3928927   -111.3667779
                    15.0   8.6   -111.7257034   -111.6728088   -111.6083138   -111.3928695   -111.3667574
                    15.0   8.8   -111.7256851   -111.6727942   -111.6082961   -111.3928493   -111.3667396
                    15.0   9.0   -111.7256691   -111.6727811   -111.6082804   -111.3928317   -111.3667239
                    15.0   9.2   -111.7256549   -111.6727694   -111.6082665   -111.3928163   -111.3667101
                    15.0   9.4   -111.7256423   -111.6727589   -111.6082541   -111.3928026   -111.3666978
                    15.0   9.6   -111.7256311   -111.6727496   -111.6082431   -111.3927906   -111.3666869
                    15.0   9.8   -111.7256212   -111.6727412   -111.6082333   -111.3927799   -111.3666772
                    15.0   10.0   -111.7256123   -111.6727337   -111.6082246   -111.3927704   -111.3666686
                    15.0   10.2   -111.7256045   -111.6727270   -111.6082169   -111.3927620   -111.3666609
                    15.0   10.4   -111.7255975   -111.6727211   -111.6082100   -111.3927545   -111.3666541
                    15.0   10.6   -111.7255912   -111.6727158   -111.6082039   -111.3927478   -111.3666480
                    15.0   10.8   -111.7255857   -111.6727111   -111.6081984   -111.3927419   -111.3666425
                    15.0   11.0   -111.7255807   -111.6727069   -111.6081935   -111.3927365   -111.3666376
                    15.0   11.2   -111.7255762   -111.6727031   -111.6081891   -111.3927317   -111.3666332
                    15.0   11.4   -111.7255721   -111.6726996   -111.6081851   -111.3927274   -111.3666292
                    15.0   11.6   -111.7255684   -111.6726965   -111.6081815   -111.3927235   -111.3666255
                    15.0   11.8   -111.7255650   -111.6726936   -111.6081783   -111.3927199   -111.3666222
                    15.0   12.0   -111.7255620   -111.6726910   -111.6081753   -111.3927166   -111.3666192
                    45.0   17.0   -111.7255306   -111.6726650   -111.6081447   -111.3926830   -111.3665878
                    45.0   22.0   -111.7255250   -111.6726595   -111.6081391   -111.3926774   -111.3665822
                    45.0   27.0   -111.7255233   -111.6726579   -111.6081374   -111.3926757   -111.3665805
                    45.0   32.0   -111.7255226   -111.6726573   -111.6081368   -111.3926750   -111.3665798

                                                  
