   # capr,e1,e2,e3,e4,e5  CAPR        E1             E2             E3             E4             E5
                    30.0   1.8   -110.5877337   -110.3527237   -110.2734329   -110.2263063   -110.2184114
                    30.0   2.0   -111.0699569   -110.8317861   -110.7613080   -110.7269249   -110.7047810
                    30.0   2.1   -111.2144427   -110.9768065   -110.9108626   -110.8774855   -110.8513853
                    30.0   2.2   -111.3168607   -111.0815273   -111.0209158   -110.9847117   -110.9558926
                    30.0   2.3   -111.3897285   -111.1585856   -111.1047502   -111.0632514   -111.0304402
                    30.0   2.4   -111.4425339   -111.2175774   -111.1723952   -111.1263796   -111.0837124
                    30.0   2.5   -111.4825039   -111.2658465   -111.2300027   -111.1812183   -111.1228023
                    30.0   2.6   -111.5151070   -111.3087323   -111.2794191   -111.2280749   -111.1551271
                    30.0   2.7   -111.5435138   -111.3483499   -111.3212492   -111.2665188   -111.1830637
                    30.0   2.8   -111.5738954   -111.3910241   -111.3626844   -111.3001389   -111.2138009
                    30.0   2.9   -111.5968614   -111.4267300   -111.3956490   -111.3209535   -111.2369777
                    30.0   3.0   -111.6170991   -111.4605283   -111.4264390   -111.3349472   -111.2573212
                    30.0   3.1   -111.6344873   -111.4914820   -111.4546914   -111.3446011   -111.2757565
                    30.0   3.2   -111.6491996   -111.5193877   -111.4802110   -111.3518781   -111.2920792
                    30.0   3.3   -111.6615493   -111.5441073   -111.5027955   -111.3579247   -111.3060758
                    30.0   3.4   -111.6719068   -111.5656491   -111.5223817   -111.3632735   -111.3177576
                    30.0   3.5   -111.6806371   -111.5841564   -111.5390492   -111.3680953   -111.3273897
                    30.0   3.6   -111.6881270   -111.5997053   -111.5529661   -111.3724407   -111.3354447
                    30.0   3.7   -111.6944045   -111.6129221   -111.5644531   -111.3761676   -111.3419941
                    30.0   3.8   -111.6997800   -111.6239657   -111.5737907   -111.3793681   -111.3474436
                    30.0   3.9   -111.7043867   -111.6331388   -111.5813011   -111.3820753   -111.3519925
                    30.0   4.0   -111.7083239   -111.6407214   -111.5872921   -111.3843396   -111.3557775
                    30.0   4.1   -111.7116702   -111.6469651   -111.5920413   -111.3862185   -111.3588907
                    30.0   4.2   -111.7144932   -111.6520888   -111.5957896   -111.3877674   -111.3614032
                    30.0   4.3   -111.7168545   -111.6562797   -111.5987395   -111.3890361   -111.3633798
                    30.0   4.4   -111.7188122   -111.6596964   -111.6010563   -111.3900684   -111.3648873
                    30.0   4.5   -111.7204205   -111.6624727   -111.6028732   -111.3909020   -111.3659956
                    30.0   4.6   -111.7217298   -111.6647204   -111.6042954   -111.3915693   -111.3667763
                    30.0   4.7   -111.7227859   -111.6665332   -111.6054063   -111.3920979   -111.3672987
                    30.0   4.8   -111.7236298   -111.6679895   -111.6062711   -111.3925117   -111.3676256
                    30.0   4.9   -111.7242975   -111.6691540   -111.6069414   -111.3928309   -111.3678111
                    30.0   5.0   -111.7248200   -111.6700807   -111.6074578   -111.3930725   -111.3678986
                    30.0   5.1   -111.7252239   -111.6708140   -111.6078522   -111.3932512   -111.3679213
                    30.0   5.2   -111.7255316   -111.6713908   -111.6081501   -111.3933790   -111.3679032
                    30.0   5.3   -111.7257619   -111.6718411   -111.6083718   -111.3934661   -111.3678608
                    30.0   5.4   -111.7259303   -111.6721897   -111.6085334   -111.3935209   -111.3678051
                    30.0   5.5   -111.7260496   -111.6724567   -111.6086477   -111.3935504   -111.3677430
                    30.0   5.6   -111.7261303   -111.6726586   -111.6087252   -111.3935602   -111.3676787
                    30.0   5.7   -111.7261810   -111.6728089   -111.6087740   -111.3935551   -111.3676146
                    30.0   5.8   -111.7262086   -111.6729184   -111.6088009   -111.3935388   -111.3675523
                    30.0   5.9   -111.7262187   -111.6729961   -111.6088111   -111.3935144   -111.3674924
                    30.0   6.0   -111.7262158   -111.6730488   -111.6088089   -111.3934843   -111.3674354
                    30.0   6.1   -111.7262035   -111.6730825   -111.6087976   -111.3934506   -111.3673814
                    30.0   6.2   -111.7261844   -111.6731014   -111.6087799   -111.3934146   -111.3673306
                    30.0   6.3   -111.7261608   -111.6731094   -111.6087577   -111.3933777   -111.3672827
                    30.0   6.4   -111.7261342   -111.6731090   -111.6087326   -111.3933406   -111.3672379
                    30.0   6.5   -111.7261059   -111.6731025   -111.6087058   -111.3933039   -111.3671958
                    30.0   6.6   -111.7260768   -111.6730917   -111.6086781   -111.3932682   -111.3671565
                    30.0   6.7   -111.7260477   -111.6730777   -111.6086502   -111.3932336   -111.3671196
                    30.0   6.8   -111.7260189   -111.6730617   -111.6086226   -111.3932005   -111.3670852
                    30.0   6.9   -111.7259908   -111.6730444   -111.6085956   -111.3931690   -111.3670530
                    30.0   7.0   -111.7259637   -111.6730264   -111.6085694   -111.3931391   -111.3670229
                    30.0   7.1   -111.7259378   -111.6730081   -111.6085443   -111.3931108   -111.3669948
                    30.0   7.2   -111.7259131   -111.6729900   -111.6085204   -111.3930842   -111.3669687
                    30.0   7.3   -111.7258898   -111.6729723   -111.6084977   -111.3930593   -111.3669444
                    30.0   7.4   -111.7258678   -111.6729552   -111.6084762   -111.3930359   -111.3669218
                    30.0   7.5   -111.7258472   -111.6729387   -111.6084561   -111.3930141   -111.3669008
                    30.0   7.6   -111.7258279   -111.6729231   -111.6084372   -111.3929938   -111.3668813
                    30.0   7.7   -111.7258098   -111.6729083   -111.6084195   -111.3929749   -111.3668632
                    30.0   7.8   -111.7257930   -111.6728943   -111.6084031   -111.3929573   -111.3668464
                    30.0   7.9   -111.7257774   -111.6728812   -111.6083877   -111.3929410   -111.3668309
                    30.0    8.0   -111.7257629   -111.6728690   -111.6083735   -111.3929258   -111.3668165
                    30.0    8.2   -111.7257368   -111.6728468   -111.6083480   -111.3928986   -111.3667909
                    30.0    8.4   -111.7257143   -111.6728275   -111.6083259   -111.3928750   -111.3667687
                    30.0    8.6   -111.7256948   -111.6728106   -111.6083067   -111.3928545   -111.3667495
                    30.0    8.8   -111.7256777   -111.6727957   -111.6082899   -111.3928366   -111.3667327
                    30.0    9.0   -111.7256627   -111.6727826   -111.6082751   -111.3928208   -111.3667180
                    30.0    9.2   -111.7256494   -111.6727708   -111.6082620   -111.3928069   -111.3667049
                    30.0    9.4   -111.7256376   -111.6727604   -111.6082503   -111.3927945   -111.3666933
                    30.0    9.6   -111.7256271   -111.6727511   -111.6082400   -111.3927835   -111.3666830
                    30.0    9.8   -111.7256178   -111.6727427   -111.6082307   -111.3927737   -111.3666739
                    30.0   10.0   -111.7256094   -111.6727353   -111.6082224   -111.3927650   -111.3666657
                    30.0   10.2   -111.7256020   -111.6727286   -111.6082151   -111.3927573   -111.3666584
                    30.0   10.4   -111.7255953   -111.6727227   -111.6082085   -111.3927503   -111.3666519
                    30.0   10.6   -111.7255893   -111.6727173   -111.6082026   -111.3927441   -111.3666460
                    30.0   10.8   -111.7255840   -111.6727125   -111.6081972   -111.3927386   -111.3666408
                    30.0   11.0   -111.7255791   -111.6727082   -111.6081925   -111.3927335   -111.3666360
                    30.0   11.2   -111.7255747   -111.6727043   -111.6081881   -111.3927290   -111.3666317
                    30.0   11.4   -111.7255708   -111.6727008   -111.6081842   -111.3927249   -111.3666278
                    30.0   11.6   -111.7255672   -111.6726975   -111.6081807   -111.3927212   -111.3666243
                    30.0   11.8   -111.7255639   -111.6726946   -111.6081775   -111.3927178   -111.3666211
                    30.0   12.0   -111.7255610   -111.6726919   -111.6081746   -111.3927147   -111.3666181
                    30.0   17.0   -111.7255308   -111.6726646   -111.6081448   -111.3926835   -111.3665881
                    30.0   22.0   -111.7255250   -111.6726594   -111.6081391   -111.3926775   -111.3665823
                    30.0   27.0   -111.7255233   -111.6726578   -111.6081374   -111.3926757   -111.3665805
                    30.0   32.0   -111.7255226   -111.6726572   -111.6081368   -111.3926750   -111.3665798
                                                  
