   # capr,e1,e2,e3,e4,e5  CAPR        E1             E2             E3             E4             E5
                    45.0    1.8   -111.1868496   -110.9765422   -110.8671211   -110.8127476   -110.8118701
                    45.0    2.0   -111.3734051   -111.1713759   -111.0690463   -111.0196221   -111.0038936
                    45.0    2.1   -111.4334252   -111.2384965   -111.1421072   -111.0898492   -111.0661464
                    45.0    2.2   -111.4793644   -111.2937320   -111.2052413   -111.1453643   -111.1138815
                    45.0    2.3   -111.5110157   -111.3373986   -111.2561181   -111.1892505   -111.1479265
                    45.0    2.4   -111.5396558   -111.3781738   -111.3033393   -111.2271975   -111.1772491
                    45.0    2.5   -111.5638213   -111.4147854   -111.3446694   -111.2577044   -111.2019288
                    45.0    2.6   -111.5849090   -111.4482261   -111.3809872   -111.2817202   -111.2232084
                    45.0    2.7   -111.6035940   -111.4788657   -111.4131908   -111.3000808   -111.2417490
                    45.0    2.8   -111.6251642   -111.5117854   -111.4476091   -111.3183070   -111.2630907
                    45.0    2.9   -111.6395233   -111.5368055   -111.4729244   -111.3287314   -111.2776358
                    45.0    3.0   -111.6519646   -111.5589463   -111.4951908   -111.3367759   -111.2910477
                    45.0    3.1   -111.6627101   -111.5782730   -111.5146012   -111.3433263   -111.3036983
                    45.0    3.2   -111.6720103   -111.5949014   -111.5313432   -111.3490146   -111.3151609
                    45.0    3.3   -111.6801148   -111.6090045   -111.5456187   -111.3542396   -111.3250478
                    45.0    3.4   -111.6872055   -111.6207415   -111.5576400   -111.3591429   -111.3332926
                    45.0    3.5   -111.6933581   -111.6305535   -111.5676534   -111.3638034   -111.3400293
                    45.0    3.6   -111.6987430   -111.6386465   -111.5759071   -111.3681651   -111.3455495
                    45.0    3.7   -111.7034335   -111.6452870   -111.5826498   -111.3721462   -111.3501011
                    45.0    3.8   -111.7074880   -111.6507200   -111.5881167   -111.3756922   -111.3538750
                    45.0    3.9   -111.7109596   -111.6551590   -111.5925205   -111.3787874   -111.3569986
                    45.0    4.0   -111.7139018   -111.6587821   -111.5960497   -111.3814459   -111.3595582
                    45.0    4.1   -111.7163697   -111.6617350   -111.5988662   -111.3837000   -111.3616218
                    45.0    4.2   -111.7184192   -111.6641369   -111.6011063   -111.3855905   -111.3632525
                    45.0    4.3   -111.7201051   -111.6660850   -111.6028824   -111.3871614   -111.3645128
                    45.0    4.4   -111.7214790   -111.6676594   -111.6042860   -111.3884555   -111.3654645
                    45.0    4.5   -111.7225885   -111.6689263   -111.6053913   -111.3895131   -111.3661662
                    45.0    4.6   -111.7234762   -111.6699405   -111.6062578   -111.3903706   -111.3666708
                    45.0    4.7   -111.7241797   -111.6707475   -111.6069332   -111.3910604   -111.3670241
                    45.0    4.8   -111.7247314   -111.6713852   -111.6074561   -111.3916105   -111.3672635
                    45.0    4.9   -111.7251589   -111.6718850   -111.6078572   -111.3920452   -111.3674190
                    45.0    5.0   -111.7254857   -111.6722728   -111.6081613   -111.3923852   -111.3675134
                    45.0    5.1   -111.7257311   -111.6725701   -111.6083882   -111.3926477   -111.3675639
                    45.0    5.2   -111.7259116   -111.6727947   -111.6085541   -111.3928474   -111.3675833
                    45.0    5.3   -111.7260404   -111.6729610   -111.6086717   -111.3929963   -111.3675806
                    45.0    5.4   -111.7261284   -111.6730811   -111.6087515   -111.3931045   -111.3675627
                    45.0    5.5   -111.7261847   -111.6731646   -111.6088019   -111.3931803   -111.3675343
                    45.0    5.6   -111.7262165   -111.6732196   -111.6088297   -111.3932305   -111.3674990
                    45.0    5.7   -111.7262296   -111.6732524   -111.6088402   -111.3932607   -111.3674593
                    45.0    5.8   -111.7262288   -111.6732682   -111.6088378   -111.3932755   -111.3674173
                    45.0    5.9   -111.7262178   -111.6732713   -111.6088259   -111.3932786   -111.3673743
                    45.0    6.0   -111.7261995   -111.6732650   -111.6088074   -111.3932730   -111.3673313
                    45.0    6.1   -111.7261764   -111.6732518   -111.6087842   -111.3932609   -111.3672891
                    45.0    6.2   -111.7261500   -111.6732338   -111.6087581   -111.3932443   -111.3672481
                    45.0    6.3   -111.7261217   -111.6732125   -111.6087303   -111.3932246   -111.3672088
                    45.0    6.4   -111.7260925   -111.6731893   -111.6087016   -111.3932028   -111.3671712
                    45.0    6.5   -111.7260632   -111.6731649   -111.6086727   -111.3931799   -111.3671355
                    45.0    6.6   -111.7260342   -111.6731401   -111.6086442   -111.3931564   -111.3671017
                    45.0    6.7   -111.7260059   -111.6731152   -111.6086164   -111.3931328   -111.3670699
                    45.0    6.8   -111.7259785   -111.6730909   -111.6085894   -111.3931094   -111.3670399
                    45.0    6.9   -111.7259523   -111.6730671   -111.6085636   -111.3930866   -111.3670117
                    45.0    7.0   -111.7259273   -111.6730443   -111.6085389   -111.3930645   -111.3669854
                    45.0    7.1   -111.7259036   -111.6730224   -111.6085155   -111.3930432   -111.3669607
                    45.0    7.2   -111.7258812   -111.6730015   -111.6084934   -111.3930229   -111.3669376
                    45.0    7.3   -111.7258601   -111.6729818   -111.6084725   -111.3930035   -111.3669160
                    45.0    7.4   -111.7258403   -111.6729632   -111.6084529   -111.3929853   -111.3668960
                    45.0    7.5   -111.7258218   -111.6729456   -111.6084345   -111.3929680   -111.3668773
                    45.0    7.6   -111.7258045   -111.6729292   -111.6084173   -111.3929517   -111.3668598
                    45.0    7.7   -111.7257883   -111.6729138   -111.6084013   -111.3929365   -111.3668437
                    45.0    7.8   -111.7257733   -111.6728994   -111.6083863   -111.3929222   -111.3668286
                    45.0    7.9   -111.7257593   -111.6728860   -111.6083724   -111.3929088   -111.3668146
                    45.0    8.0   -111.7257462   -111.6728735   -111.6083594   -111.3928963   -111.3668016
                    45.0    8.2   -111.7257227   -111.6728509   -111.6083361   -111.3928737   -111.3667783
                    45.0    8.4   -111.7257023   -111.6728312   -111.6083158   -111.3928539   -111.3667580
                    45.0    8.6   -111.7256845   -111.6728139   -111.6082981   -111.3928364   -111.3667403
                    45.0    8.8   -111.7256689   -111.6727988   -111.6082825   -111.3928210   -111.3667248
                    45.0    9.0   -111.7256551   -111.6727854   -111.6082688   -111.3928074   -111.3667111
                    45.0    9.2   -111.7256429   -111.6727735   -111.6082566   -111.3927952   -111.3666989
                    45.0    9.4   -111.7256320   -111.6727629   -111.6082457   -111.3927843   -111.3666881
                    45.0    9.6   -111.7256222   -111.6727535   -111.6082360   -111.3927746   -111.3666785
                    45.0    9.8   -111.7256135   -111.6727451   -111.6082273   -111.3927659   -111.3666699
                    45.0   10.0   -111.7256057   -111.6727375   -111.6082195   -111.3927582   -111.3666622
                    45.0   10.2   -111.7255987   -111.6727308   -111.6082125   -111.3927512   -111.3666553
                    45.0   10.4   -111.7255924   -111.6727247   -111.6082063   -111.3927449   -111.3666491
                    45.0   10.6   -111.7255867   -111.6727192   -111.6082006   -111.3927392   -111.3666435
                    45.0   10.8   -111.7255816   -111.6727143   -111.6081955   -111.3927341   -111.3666384
                    45.0   11.0   -111.7255770   -111.6727098   -111.6081909   -111.3927295   -111.3666339
                    45.0   11.2   -111.7255728   -111.6727058   -111.6081867   -111.3927254   -111.3666298
                    45.0   11.4   -111.7255690   -111.6727022   -111.6081829   -111.3927216   -111.3666260
                    45.0   11.6   -111.7255655   -111.6726988   -111.6081795   -111.3927181   -111.3666226
                    45.0   11.8   -111.7255624   -111.6726958   -111.6081764   -111.3927150   -111.3666195
                    45.0   12.0   -111.7255596   -111.6726931   -111.6081735   -111.3927122   -111.3666167
                    45.0   17.0   -111.7255306   -111.6726650   -111.6081447   -111.3926830   -111.3665878
                    45.0   22.0   -111.7255250   -111.6726595   -111.6081391   -111.3926774   -111.3665822
                    45.0   27.0   -111.7255233   -111.6726579   -111.6081374   -111.3926757   -111.3665805
                    45.0   32.0   -111.7255226   -111.6726573   -111.6081368   -111.3926750   -111.3665798
                                                  

                                                  
