   # capr,e1,e2,e3,e4,e5  CAPR        E1             E2             E3             E4             E5
                    60.0   1.8   -111.3818378   -111.1755012   -111.0666786   -111.0375699   -110.9994273
                    60.0   2.0   -111.4742763   -111.2913836   -111.2038599   -111.1526750   -111.1024575
                    60.0   2.1   -111.5087240   -111.3409391   -111.2557994   -111.2007365   -111.1410960
                    60.0   2.2   -111.5380364   -111.3865267   -111.3004561   -111.2413616   -111.1735506
                    60.0   2.3   -111.5633597   -111.4284069   -111.3405699   -111.2732375   -111.2010656
                    60.0   2.4   -111.5853367   -111.4663850   -111.3774176   -111.2967911   -111.2245173
                    60.0   2.5   -111.6044408   -111.5004646   -111.4111753   -111.3136717   -111.2440183
                    60.0   2.6   -111.6208572   -111.5305147   -111.4413633   -111.3254713   -111.2616905
                    60.0   2.7   -111.6349717   -111.5566879   -111.4680448   -111.3338594   -111.2785372
                    60.0   2.8   -111.6471328   -111.5791559   -111.4913200   -111.3399810   -111.2939825
                    60.0   2.9   -111.6577004   -111.5981214   -111.5114025   -111.3446607   -111.3075684
                    60.0   3.0   -111.6670166   -111.6138258   -111.5285598   -111.3485105   -111.3192548
                    60.0   3.1   -111.6753473   -111.6265714   -111.5430852   -111.3520069   -111.3290936
                    60.0   3.2   -111.6828475   -111.6367298   -111.5552787   -111.3555394   -111.3371215
                    60.0   3.3   -111.6895895   -111.6447270   -111.5654387   -111.3593871   -111.3434089
                    60.0   3.4   -111.6956001   -111.6509855   -111.5738482   -111.3635678   -111.3481936
                    60.0   3.5   -111.7008859   -111.6558808   -111.5807661   -111.3678236   -111.3518912
                    60.0   3.6   -111.7054644   -111.6597219   -111.5864251   -111.3718607   -111.3548828
                    60.0   3.7   -111.7093738   -111.6627494   -111.5910306   -111.3755028   -111.3573878
                    60.0   3.8   -111.7126689   -111.6651463   -111.5947615   -111.3786835   -111.3595044
                    60.0   3.9   -111.7154154   -111.6670494   -111.5977713   -111.3814029   -111.3612774
                    60.0   4.0   -111.7176820   -111.6685617   -111.6001897   -111.3836935   -111.3627382
                    60.0   4.1   -111.7195361   -111.6697616   -111.6021256   -111.3856014   -111.3639197
                    60.0   4.2   -111.7210401   -111.6707103   -111.6036689   -111.3871759   -111.3648582
                    60.0   4.3   -111.7222502   -111.6714561   -111.6048938   -111.3884651   -111.3655907
                    60.0   4.4   -111.7232160   -111.6720377   -111.6058610   -111.3895127   -111.3661531
                    60.0   4.5   -111.7239800   -111.6724866   -111.6066202   -111.3903581   -111.3665773
                    60.0   4.6   -111.7245789   -111.6728284   -111.6072117   -111.3910354   -111.3668912
                    60.0   4.7   -111.7250432   -111.6730838   -111.6076686   -111.3915739   -111.3671182
                    60.0   4.8   -111.7253986   -111.6732702   -111.6080177   -111.3919984   -111.3672773
                    60.0   4.9   -111.7256666   -111.6734015   -111.6082806   -111.3923299   -111.3673838
                    60.0   5.0   -111.7258646   -111.6734893   -111.6084750   -111.3925859   -111.3674500
                    60.0   5.1   -111.7260072   -111.6735430   -111.6086153   -111.3927808   -111.3674855
                    60.0   5.2   -111.7261061   -111.6735703   -111.6087129   -111.3929266   -111.3674980
                    60.0   5.3   -111.7261709   -111.6735774   -111.6087773   -111.3930331   -111.3674934
                    60.0   5.4   -111.7262094   -111.6735694   -111.6088160   -111.3931086   -111.3674763
                    60.0   5.5   -111.7262278   -111.6735502   -111.6088350   -111.3931596   -111.3674505
                    60.0   5.6   -111.7262312   -111.6735232   -111.6088392   -111.3931915   -111.3674187
                    60.0   5.7   -111.7262235   -111.6734908   -111.6088324   -111.3932087   -111.3673831
                    60.0   5.8   -111.7262077   -111.6734549   -111.6088177   -111.3932147   -111.3673454
                    60.0   5.9   -111.7261865   -111.6734172   -111.6087973   -111.3932124   -111.3673068
                    60.0   6.0   -111.7261615   -111.6733787   -111.6087732   -111.3932038   -111.3672682
                    60.0   6.1   -111.7261342   -111.6733402   -111.6087467   -111.3931908   -111.3672303
                    60.0   6.2   -111.7261057   -111.6733024   -111.6087189   -111.3931746   -111.3671934
                    60.0   6.3   -111.7260767   -111.6732657   -111.6086905   -111.3931563   -111.3671580
                    60.0   6.4   -111.7260479   -111.6732303   -111.6086621   -111.3931366   -111.3671240
                    60.0   6.5   -111.7260195   -111.6731965   -111.6086342   -111.3931162   -111.3670918
                    60.0   6.6   -111.7259920   -111.6731644   -111.6086070   -111.3930956   -111.3670612
                    60.0   6.7   -111.7259655   -111.6731340   -111.6085808   -111.3930749   -111.3670323
                    60.0   6.8   -111.7259402   -111.6731053   -111.6085556   -111.3930546   -111.3670051
                    60.0   6.9   -111.7259161   -111.6730784   -111.6085316   -111.3930349   -111.3669795
                    60.0   7.0   -111.7258932   -111.6730531   -111.6085088   -111.3930158   -111.3669555
                    60.0   7.1   -111.7258717   -111.6730294   -111.6084873   -111.3929974   -111.3669331
                    60.0   7.2   -111.7258515   -111.6730073   -111.6084671   -111.3929800   -111.3669121
                    60.0   7.3   -111.7258325   -111.6729866   -111.6084481   -111.3929634   -111.3668925
                    60.0   7.4   -111.7258147   -111.6729673   -111.6084303   -111.3929477   -111.3668743
                    60.0   7.5   -111.7257981   -111.6729494   -111.6084136   -111.3929329   -111.3668573
                    60.0   7.6   -111.7257826   -111.6729326   -111.6083981   -111.3929191   -111.3668414
                    60.0   7.7   -111.7257681   -111.6729171   -111.6083836   -111.3929061   -111.3668267
                    60.0   7.8   -111.7257547   -111.6729025   -111.6083701   -111.3928939   -111.3668130
                    60.0   7.9   -111.7257421   -111.6728890   -111.6083575   -111.3928825   -111.3668003
                    60.0   8.0   -111.7257305   -111.6728764   -111.6083457   -111.3928718   -111.3667884
                    60.0    8.2   -111.7257094   -111.6728537   -111.6083246   -111.3928525   -111.3667670
                    60.0    8.4   -111.7256910   -111.6728339   -111.6083060   -111.3928355   -111.3667484
                    60.0    8.6   -111.7256748   -111.6728166   -111.6082898   -111.3928205   -111.3667320
                    60.0    8.8   -111.7256605   -111.6728013   -111.6082754   -111.3928071   -111.3667176
                    60.0    9.0   -111.7256479   -111.6727878   -111.6082627   -111.3927952   -111.3667048
                    60.0    9.2   -111.7256366   -111.6727758   -111.6082513   -111.3927845   -111.3666934
                    60.0    9.4   -111.7256265   -111.6727651   -111.6082412   -111.3927749   -111.3666833
                    60.0    9.6   -111.7256174   -111.6727556   -111.6082321   -111.3927663   -111.3666742
                    60.0    9.8   -111.7256093   -111.6727471   -111.6082239   -111.3927586   -111.3666661
                    60.0   10.0   -111.7256020   -111.6727394   -111.6082165   -111.3927516   -111.3666588
                    60.0   10.2   -111.7255954   -111.6727326   -111.6082099   -111.3927453   -111.3666522
                    60.0   10.4   -111.7255895   -111.6727264   -111.6082039   -111.3927396   -111.3666463
                    60.0   10.6   -111.7255841   -111.6727208   -111.6081985   -111.3927345   -111.3666410
                    60.0   10.8   -111.7255792   -111.6727158   -111.6081936   -111.3927299   -111.3666362
                    60.0   11.0   -111.7255748   -111.6727113   -111.6081892   -111.3927256   -111.3666318
                    60.0   11.2   -111.7255708   -111.6727072   -111.6081852   -111.3927218   -111.3666278
                    60.0   11.4   -111.7255672   -111.6727034   -111.6081816   -111.3927183   -111.3666243
                    60.0   11.6   -111.7255639   -111.6727001   -111.6081783   -111.3927152   -111.3666210
                    60.0   11.8   -111.7255609   -111.6726970   -111.6081753   -111.3927123   -111.3666180
                    60.0   12.0   -111.7255582   -111.6726942   -111.6081725   -111.3927097   -111.3666153
                    60.0   17.0   -111.7255304   -111.6726654   -111.6081446   -111.3926826   -111.3665875
                    60.0   22.0   -111.7255249   -111.6726597   -111.6081391   -111.3926772   -111.3665821
                    60.0   27.0   -111.7255233   -111.6726580   -111.6081374   -111.3926756   -111.3665804
                    60.0   32.0   -111.7255226   -111.6726573   -111.6081368   -111.3926750   -111.3665798
                                                  
