   # capr,e1,e2,e3,e4,e5   CAPR        E1             E2             E3             E4             E5
                    75.0   1.8   -111.3992487   -111.2296846   -111.1668226   -111.0490881   -111.0353507
                    75.0   2.0   -111.4813945   -111.3122953   -111.2912605   -111.1730258   -111.1410503
                    75.0   2.1   -111.5165534   -111.3581794   -111.3295835   -111.2323322   -111.1774540
                    75.0   2.2   -111.5471307   -111.4106600   -111.3512110   -111.2819276   -111.2102932
                    75.0   2.3   -111.5731655   -111.4579348   -111.3740581   -111.3175064   -111.2388812
                    75.0   2.4   -111.5950514   -111.4991405   -111.4031152   -111.3368258   -111.2629215
                    75.0   2.5   -111.6133632   -111.5344598   -111.4338364   -111.3461802   -111.2827924
                    75.0   2.6   -111.6286520   -111.5643215   -111.4621136   -111.3510897   -111.2991461
                    75.0   2.7   -111.6415015   -111.5892093   -111.4868651   -111.3538376   -111.3126995
                    75.0   2.8   -111.6525610   -111.6095409   -111.5080508   -111.3554812   -111.3240218
                    75.0   2.9   -111.6623896   -111.6257022   -111.5259654   -111.3566103   -111.3335988
                    75.0   3.0   -111.6713944   -111.6381278   -111.5409936   -111.3576517   -111.3417414
                    75.0   3.1   -111.6797341   -111.6473964   -111.5535255   -111.3591025   -111.3484335
                    75.0   3.2   -111.6873505   -111.6542042   -111.5639254   -111.3617479   -111.3531640
                    75.0   3.3   -111.6941269   -111.6592084   -111.5725205   -111.3658016   -111.3558533
                    75.0   3.4   -111.7000034   -111.6629247   -111.5795942   -111.3702227   -111.3575839
                    75.0   3.5   -111.7049962   -111.6657198   -111.5853911   -111.3743048   -111.3590517
                    75.0   3.6   -111.7091762   -111.6678398   -111.5901242   -111.3778566   -111.3604284
                    75.0   3.7   -111.7126369   -111.6694550   -111.5939746   -111.3808647   -111.3617130
                    75.0   3.8   -111.7154763   -111.6706869   -111.5970952   -111.3833714   -111.3628718
                    75.0   3.9   -111.7177884   -111.6716242   -111.5996148   -111.3854363   -111.3638810
                    75.0   4.0   -111.7196579   -111.6723330   -111.6016410   -111.3871219   -111.3647333
                    75.0   4.1   -111.7211596   -111.6728637   -111.6032634   -111.3884871   -111.3654349
                    75.0   4.2   -111.7223577   -111.6732550   -111.6045563   -111.3895846   -111.3659994
                    75.0   4.3   -111.7233069   -111.6735371   -111.6055811   -111.3904606   -111.3664440
                    75.0   4.4   -111.7240532   -111.6737339   -111.6063885   -111.3911547   -111.3667866
                    75.0   4.5   -111.7246347   -111.6738641   -111.6070199   -111.3917001   -111.3670444
                    75.0   4.6   -111.7250834   -111.6739428   -111.6075097   -111.3921248   -111.3672326
                    75.0   4.7   -111.7254252   -111.6739818   -111.6078856   -111.3924519   -111.3673647
                    75.0   4.8   -111.7256818   -111.6739907   -111.6081703   -111.3927007   -111.3674521
                    75.0   4.9   -111.7258706   -111.6739771   -111.6083826   -111.3928869   -111.3675046
                    75.0   5.0   -111.7260059   -111.6739470   -111.6085374   -111.3930233   -111.3675299
                    75.0   5.1   -111.7260994   -111.6739052   -111.6086471   -111.3931204   -111.3675345
                    75.0   5.2   -111.7261603   -111.6738556   -111.6087215   -111.3931867   -111.3675238
                    75.0   5.3   -111.7261963   -111.6738010   -111.6087686   -111.3932292   -111.3675019
                    75.0   5.4   -111.7262133   -111.6737437   -111.6087948   -111.3932533   -111.3674723
                    75.0   5.5   -111.7262162   -111.6736855   -111.6088052   -111.3932635   -111.3674374
                    75.0   5.6   -111.7262086   -111.6736276   -111.6088038   -111.3932632   -111.3673993
                    75.0   5.7   -111.7261936   -111.6735710   -111.6087938   -111.3932553   -111.3673596
                    75.0   5.8   -111.7261733   -111.6735163   -111.6087775   -111.3932418   -111.3673193
                    75.0   5.9   -111.7261494   -111.6734638   -111.6087569   -111.3932244   -111.3672793
                    75.0   6.0   -111.7261234   -111.6734139   -111.6087334   -111.3932044   -111.3672402
                    75.0   6.1   -111.7260961   -111.6733667   -111.6087082   -111.3931828   -111.3672024
                    75.0   6.2   -111.7260682   -111.6733221   -111.6086819   -111.3931601   -111.3671660
                    75.0   6.3   -111.7260404   -111.6732802   -111.6086553   -111.3931371   -111.3671313
                    75.0   6.4   -111.7260130   -111.6732410   -111.6086288   -111.3931141   -111.3670983
                    75.0   6.5   -111.7259863   -111.6732042   -111.6086028   -111.3930914   -111.3670671
                    75.0   6.6   -111.7259605   -111.6731699   -111.6085775   -111.3930693   -111.3670377
                    75.0   6.7   -111.7259358   -111.6731378   -111.6085530   -111.3930479   -111.3670099
                    75.0   6.8   -111.7259122   -111.6731080   -111.6085297   -111.3930273   -111.3669839
                    75.0   6.9   -111.7258898   -111.6730802   -111.6085074   -111.3930077   -111.3669596
                    75.0   7.0   -111.7258686   -111.6730543   -111.6084863   -111.3929891   -111.3669368
                    75.0   7.1   -111.7258487   -111.6730302   -111.6084664   -111.3929716   -111.3669155
                    75.0   7.2   -111.7258301   -111.6730079   -111.6084476   -111.3929550   -111.3668957
                    75.0   7.3   -111.7258126   -111.6729871   -111.6084301   -111.3929395   -111.3668772
                    75.0   7.4   -111.7257963   -111.6729678   -111.6084136   -111.3929250   -111.3668600
                    75.0   7.5   -111.7257810   -111.6729498   -111.6083983   -111.3929114   -111.3668440
                    75.0   7.6   -111.7257669   -111.6729332   -111.6083840   -111.3928988   -111.3668292
                    75.0   7.7   -111.7257536   -111.6729177   -111.6083706   -111.3928869   -111.3668153
                    75.0   7.8   -111.7257413   -111.6729032   -111.6083582   -111.3928759   -111.3668025
                    75.0   7.9   -111.7257298   -111.6728898   -111.6083465   -111.3928657   -111.3667905
                    75.0   8.0   -111.7257191   -111.6728773   -111.6083357   -111.3928560   -111.3667794
                    75.0   8.2   -111.7256997   -111.6728547   -111.6083161   -111.3928386   -111.3667592
                    75.0   8.4   -111.7256827   -111.6728350   -111.6082989   -111.3928233   -111.3667416
                    75.0   8.6   -111.7256677   -111.6728177   -111.6082837   -111.3928098   -111.3667261
                    75.0   8.8   -111.7256545   -111.6728025   -111.6082702   -111.3927977   -111.3667125
                    75.0   9.0   -111.7256426   -111.6727890   -111.6082582   -111.3927869   -111.3667003
                    75.0   9.2   -111.7256320   -111.6727770   -111.6082475   -111.3927772   -111.3666895
                    75.0   9.4   -111.7256225   -111.6727663   -111.6082378   -111.3927684   -111.3666798
                    75.0   9.6   -111.7256139   -111.6727568   -111.6082292   -111.3927606   -111.3666712
                    75.0   9.8   -111.7256062   -111.6727483   -111.6082213   -111.3927534   -111.3666634
                    75.0   10.0   -111.7255993   -111.6727406   -111.6082143   -111.3927470   -111.3666564
                    75.0   10.2   -111.7255930   -111.6727337   -111.6082079   -111.3927412   -111.3666501
                    75.0   10.4   -111.7255873   -111.6727275   -111.6082022   -111.3927359   -111.3666444
                    75.0   10.6   -111.7255822   -111.6727219   -111.6081970   -111.3927311   -111.3666392
                    75.0   10.8   -111.7255775   -111.6727168   -111.6081923   -111.3927268   -111.3666346
                    75.0   11.0   -111.7255733   -111.6727123   -111.6081880   -111.3927229   -111.3666303
                    75.0   11.2   -111.7255695   -111.6727081   -111.6081841   -111.3927193   -111.3666265
                    75.0   11.4   -111.7255660   -111.6727043   -111.6081806   -111.3927160   -111.3666230
                    75.0   11.6   -111.7255628   -111.6727009   -111.6081774   -111.3927131   -111.3666198
                    75.0   11.8   -111.7255599   -111.6726978   -111.6081745   -111.3927103   -111.3666170
                    75.0   12.0   -111.7255573   -111.6726949   -111.6081718   -111.3927079   -111.3666143
                    75.0   17.0   -111.7255302   -111.6726657   -111.6081445   -111.3926823   -111.3665873
                    75.0   22.0   -111.7255249   -111.6726599   -111.6081391   -111.3926771   -111.3665820
                    75.0   27.0   -111.7255232   -111.6726581   -111.6081374   -111.3926755   -111.3665804
                    75.0   32.0   -111.7255226   -111.6726574   -111.6081368   -111.3926749   -111.3665797
                                                  
