   # capr,e1,e2,e3,e4,e5   CAPR        E1             E2             E3             E4             E5
                    90.0    1.8   -111.3568111   -111.1031663   -111.0191962   -110.9446785   -110.9120865
                    90.0    2.0   -111.4682663   -111.2743196   -111.0736280   -111.0128633   -110.9838448
                    90.0    2.1   -111.5098038   -111.3470749   -111.0917590   -111.0532738   -111.0045321
                    90.0    2.2   -111.5439063   -111.4088941   -111.1095745   -111.0856020   -111.0296760
                    90.0    2.3   -111.5717986   -111.4612524   -111.1298282   -111.1095121   -111.0548349
                    90.0    2.4   -111.5945820   -111.5052773   -111.1525504   -111.1267628   -111.0796972
                    90.0    2.5   -111.6132201   -111.5420365   -111.1756359   -111.1409584   -111.1035279
                    90.0    2.6   -111.6285720   -111.5724749   -111.1986152   -111.1537916   -111.1251781
                    90.0    2.7   -111.6416529   -111.5972506   -111.2246375   -111.1660081   -111.1606828
                    90.0    2.8   -111.6526985   -111.6171399   -111.2469085   -111.1777981   -111.1754814
                    90.0    2.9   -111.6626670   -111.6324814   -111.2671377   -111.1895500   -111.1870875
                    90.0    3.0   -111.6719858   -111.6438196   -111.2849289   -111.2008213   -111.1959409
                    90.0    3.1   -111.6806717   -111.6519369   -111.3003580   -111.2105745   -111.2032617
                    90.0    3.2   -111.6885114   -111.6577284   -111.3136304   -111.2187663   -111.2093832
                    90.0    3.3   -111.6953501   -111.6619206   -111.3249452   -111.2255715   -111.2144899
                    90.0    3.4   -111.7011665   -111.6650040   -111.3345222   -111.2311801   -111.2187314
                    90.0    3.5   -111.7060299   -111.6672975   -111.3425788   -111.2357727   -111.2222349
                    90.0    3.6   -111.7100487   -111.6690128   -111.3493184   -111.2395123   -111.2251107
                    90.0    3.7   -111.7133406   -111.6702963   -111.3549262   -111.2425418   -111.2274556
                    90.0    3.8   -111.7160176   -111.6712528   -111.3595673   -111.2449838   -111.2293543
                    90.0    3.9   -111.7181808   -111.6719596   -111.3633879   -111.2469425   -111.2308805
                    90.0    4.0   -111.7199182   -111.6724747   -111.3665153   -111.2485052   -111.2320979
                    90.0    4.1   -111.7213053   -111.6728424   -111.3690602   -111.2497450   -111.2330610
                    90.0    4.2   -111.7224056   -111.6730966   -111.3711178   -111.2507227   -111.2338157
                    90.0    4.3   -111.7232725   -111.6732639   -111.3727695   -111.2514883   -111.2344011
                    90.0    4.4   -111.7239503   -111.6733647   -111.3740847   -111.2520830   -111.2348494
                    90.0    4.5   -111.7244755   -111.6734151   -111.3751223   -111.2525406   -111.2351875
                    90.0    4.6   -111.7248782   -111.6734277   -111.3759317   -111.2528886   -111.2354375
                    90.0    4.7   -111.7251828   -111.6734123   -111.3765548   -111.2531494   -111.2356177
                    90.0    4.8   -111.7254096   -111.6733766   -111.3770265   -111.2533412   -111.2357427
                    90.0    4.9   -111.7255747   -111.6733266   -111.3773760   -111.2534788   -111.2358247
                    90.0    5.0   -111.7256914   -111.6732670   -111.3776276   -111.2535740   -111.2358735
                    90.0    5.1   -111.7257705   -111.6732015   -111.3778013   -111.2536365   -111.2358968
                    90.0    5.2   -111.7258206   -111.6731328   -111.3779136   -111.2536739   -111.2359012
                    90.0    5.3   -111.7258484   -111.6730631   -111.3779782   -111.2536923   -111.2358914
                    90.0    5.4   -111.7258596   -111.6729939   -111.3780061   -111.2536965   -111.2358715
                    90.0    5.5   -111.7258583   -111.6729263   -111.3780060   -111.2536903   -111.2358446
                    90.0    5.6   -111.7258480   -111.6728610   -111.3779852   -111.2536766   -111.2358130
                    90.0    5.7   -111.7258312   -111.6727987   -111.3779493   -111.2536575   -111.2357786
                    90.0    5.8   -111.7258099   -111.6727396   -111.3779028   -111.2536350   -111.2357426
                    90.0    5.9   -111.7257857   -111.6726838   -111.3778490   -111.2536101   -111.2357060
                    90.0    6.0   -111.7257596   -111.6726313   -111.3777909   -111.2535839   -111.2356696
                    90.0    6.1   -111.7257325   -111.6725821   -111.3777304   -111.2535571   -111.2356338
                    90.0    6.2   -111.7257051   -111.6725360   -111.3776691   -111.2535302   -111.2355991
                    90.0    6.3   -111.7256778   -111.6724930   -111.3776083   -111.2535037   -111.2355656
                    90.0    6.4   -111.7256509   -111.6724529   -111.3775488   -111.2534777   -111.2355335
                    90.0    6.5   -111.7256248   -111.6724155   -111.3774913   -111.2534527   -111.2355030
                    90.0    6.6   -111.7255996   -111.6723807   -111.3774362   -111.2534286   -111.2354740
                    90.0    6.7   -111.7255754   -111.6723483   -111.3773838   -111.2534056   -111.2354466
                    90.0    6.8   -111.7255524   -111.6723182   -111.3773344   -111.2533838   -111.2354207
                    90.0    6.9   -111.7255305   -111.6722901   -111.3772880   -111.2533633   -111.2353965
                    90.0    7.0   -111.7255099   -111.6722641   -111.3772446   -111.2533439   -111.2353737
                    90.0    7.1   -111.7254905   -111.6722399   -111.3772043   -111.2533258   -111.2353524
                    90.0    7.2   -111.7254723   -111.6722175   -111.3771668   -111.2533088   -111.2353325
                    90.0    7.3   -111.7254553   -111.6721966   -111.3771322   -111.2532930   -111.2353140
                    90.0    7.4   -111.7254393   -111.6721772   -111.3771002   -111.2532782   -111.2352967
                    90.0    7.5   -111.7254245   -111.6721592   -111.3770708   -111.2532645   -111.2352806
                    90.0    7.6   -111.7254107   -111.6721425   -111.3770437   -111.2532518   -111.2352656
                    90.0    7.7   -111.7253978   -111.6721270   -111.3770189   -111.2532399   -111.2352517
                    90.0    7.8   -111.7253858   -111.6721125   -111.3769961   -111.2532288   -111.2352387
                    90.0    7.9   -111.7253746   -111.6720990   -111.3769753   -111.2532185   -111.2352265
                    90.0    8.0   -111.7253641   -111.6720865   -111.3769562   -111.2532089   -111.2352152
                    90.0    8.2   -111.7253452   -111.6720638   -111.3769229   -111.2531915   -111.2351948
                    90.0    8.4   -111.7253286   -111.6720440   -111.3768952   -111.2531762   -111.2351769
                    90.0    8.6   -111.7253139   -111.6720266   -111.3768722   -111.2531627   -111.2351611
                    90.0    8.8   -111.7253008   -111.6720112   -111.3768533   -111.2531507   -111.2351471
                    90.0    9.0   -111.7252891   -111.6719974   -111.3767852   -111.2531389   -111.2351347
                    90.0    9.2   -111.7252787   -111.6719854   -111.3767729   -111.2531292   -111.2351237
                    90.0    9.4   -111.7252693   -111.6719746   -111.3767629   -111.2531205   -111.2351138
                    90.0    9.6   -111.7252608   -111.6719650   -111.3767551   -111.2531127   -111.2351049
                    90.0    9.8   -111.7252532   -111.6719564   -111.3767490   -111.2531056   -111.2350969
                    90.0   10.0   -111.7252463   -111.6719486   -111.3767444   -111.2530992   -111.2350897
                    90.0   10.2   -111.7252400   -111.6719417   -111.3767410   -111.2530934   -111.2350832
                    90.0   10.4   -111.7252344   -111.6719354   -111.3767386   -111.2530882   -111.2350774
                    90.0   10.6   -111.7252293   -111.6719297   -111.3767370   -111.2530834   -111.2350721
                    90.0   10.8   -111.7252246   -111.6719246   -111.3767361   -111.2530791   -111.2350673
                    90.0   11.0   -111.7252204   -111.6719199   -111.3767359   -111.2530752   -111.2350629
                    90.0   11.2   -111.7252166   -111.6719157   -111.3767361   -111.2530717   -111.2350590
                    90.0   11.4   -111.7252131   -111.6719119   -111.3767367   -111.2530684   -111.2350554
                    90.0   11.6   -111.7252100   -111.6719084   -111.3767376   -111.2530655   -111.2350521
                    90.0   11.8   -111.7252071   -111.6719052   -111.3767388   -111.2530628   -111.2350491
                    90.0   12.0   -111.7252044   -111.6719023   -111.3767403   -111.2530603   -111.2350464
                    90.0   17.0   -111.7251772   -111.6718723   -111.3767871   -111.2530351   -111.2350183
                    90.0   22.0   -111.7251718   -111.6718663   -111.3768147   -111.2530301   -111.2350127
                    90.0   27.0   -111.7251701   -111.6718644   -111.3768284   -111.2530285   -111.2350110
                    90.0   32.0   -111.7251695   -111.6718637   -111.3768357   -111.2530279   -111.2350103
                                                  
